0 0.0
1 0.044925625017338655
2 0.044925625017338655
3 0.044925625017338655
4 0.044925625017338655
5 0.044925625017338655
6 0.044925625017338655
7 0.044925625017338655
8 0.044925625017338655
9 0.044925625017338655
10 0.044925625017338655
11 0.044925625017338655
12 0.044925625017338655
13 0.044925625017338655
14 0.044925625017338655
15 0.044925625017338655
16 0.044925625017338655
17 9.489438779461068E-5
18 9.489438779461068E-5
19 9.489438779461068E-5
20 9.489438779461068E-5
21 0.03505385554285066
22 0.03505385554285066
23 0.03505385554285066
24 0.03505385554285066
25 0.03505385554285063
26 0.03505385554285063
27 0.03505385554285063
28 0.03505385554285063
29 9.489438779475279E-5
30 9.489438779475279E-5
31 9.489438779475279E-5
32 9.489438779475279E-5
33 2.774189056253817E-10
