0 0.0
1 0.03540500001439925
2 0.03540500001439925
3 0.03540500001439925
4 0.03540500001439925
5 0.03540500001439925
6 0.03540500001439925
7 0.03540500001439925
8 0.03540500001439925
9 0.03540500001439925
10 0.03540500001439925
11 0.03540500001439925
12 0.03540500001439925
13 0.03540500001439925
14 0.03540500001439925
15 0.03540500001439925
16 0.03540500001439925
17 0.03540500001439925
18 0.03540500001439925
19 0.03540500001439925
20 0.03540500001439925
21 1.3134498285741832E-4
22 1.3134498285741832E-4
23 1.3134498285741832E-4
24 0.048518654921147444
25 0.048518654921147444
26 0.048518654921147444
27 0.048518654921147444
28 0.048518654921147444
29 0.048518654921147444
30 1.3134498285751305E-4
31 1.3134498285751305E-4
32 1.3134498285751305E-4
33 2.8798552875741735E-10
