0 0.0
1 0.0716605000279594
2 0.0716605000279594
3 0.0716605000279594
4 0.0716605000279594
5 0.0716605000279594
6 0.0716605000279594
7 0.0716605000279594
8 0.0716605000279594
9 0.0716605000279594
10 0.0716605000279594
11 9.563851854291982E-5
12 9.563851854291982E-5
13 9.563851854291982E-5
14 9.563851854291982E-5
15 0.03532873641155859
16 0.03532873641155859
17 0.03532873641155859
18 0.03532873641155859
19 0.03532873641155827
20 0.03532873641155827
21 0.03532873641155827
22 0.03532873641155827
23 9.563851854306193E-5
24 9.563851854306193E-5
25 9.563851854306193E-5
26 9.563851854306193E-5
27 2.795945874822792E-10
