0 0.0
1 0.23353380843179422
2 0.23353380843179422
3 0.23353380843179422
4 6.73595421392766E-5
5 6.73595421392766E-5
6 6.73595421392766E-5
7 6.73595421392766E-5
8 6.73595421392766E-5
9 6.73595421392766E-5
10 0.02488252165863017
11 0.02488252165863017
12 0.02488252165863017
13 0.02488252165863017
14 0.02488252165863017
15 0.02488252165863017
16 0.02488252165863017
17 0.02488252165863017
18 0.02488252165863017
19 0.02488252165863017
20 0.02488252165863017
21 0.02488252165863017
22 6.735954213934766E-5
23 6.735954213934766E-5
24 6.735954213934766E-5
25 6.735954213934766E-5
26 6.735954213934766E-5
27 6.735954213934766E-5
28 2.9538355761360436E-10
