0 0.0
1 0.05192857144780988
2 0.05192857144780988
3 0.05192857144780988
4 0.05192857144780988
5 0.05192857144780988
6 0.05192857144780988
7 0.05192857144780988
8 0.05192857144780988
9 0.05192857144780988
10 0.05192857144780988
11 0.05192857144780988
12 0.05192857144780988
13 0.05192857144780988
14 0.05192857144780988
15 1.8426094717405306E-4
16 1.8426094717405306E-4
17 0.06806573891815666
18 0.06806573891815666
19 0.06806573891815652
20 0.06806573891815652
21 1.842609471742662E-4
22 1.842609471742662E-4
23 2.693386136343179E-10
