0 0.0
1 0.05853583335779821
2 0.05853583335779821
3 0.05853583335779821
4 0.05853583335779821
5 0.05853583335779821
6 0.05853583335779821
7 0.05853583335779821
8 0.05853583335779821
9 0.05853583335779821
10 0.05853583335779821
11 0.05853583335779821
12 0.05853583335779821
13 1.0042221620992108E-4
14 1.0042221620992108E-4
15 1.0042221620992108E-4
16 1.0042221620992108E-4
17 0.03709582771039539
18 0.03709582771039539
19 0.03709582771039539
20 0.03709582771039539
21 0.03709582771039528
22 0.03709582771039528
23 0.03709582771039528
24 0.03709582771039528
25 1.0042221620995662E-4
26 1.0042221620995662E-4
27 1.0042221620995662E-4
28 1.0042221620995662E-4
29 2.9357920539041514E-10
