0 0.0
1 0.10230603508464986
2 0.10230603508464986
3 0.10230603508464986
4 0.10230603508464986
5 0.10230603508464986
6 0.10230603508464986
7 0.10230603508464986
8 7.663574907235215E-5
9 7.663574907235215E-5
10 7.663574907235215E-5
11 7.663574907235215E-5
12 7.663574907235215E-5
13 0.02359094971972309
14 0.02359094971972309
15 0.02359094971972309
16 0.02359094971972309
17 0.02359094971972309
18 0.02359094971972309
19 0.023590949719723163
20 0.023590949719723163
21 0.023590949719723163
22 0.023590949719723163
23 0.023590949719723163
24 0.023590949719723163
25 6.386312422665223E-5
26 6.386312422665223E-5
27 6.386312422665223E-5
28 6.386312422665223E-5
29 6.386312422665223E-5
30 6.386312422665223E-5
31 2.800517506784672E-10
