0 0.0
1 0.007493323935948445
2 0.007493323935948445
3 0.007493323935948445
4 0.007493323935948445
5 0.007493323935948445
6 0.007493323935948445
7 0.007493323935948445
8 0.007493323935948445
9 0.007493323935948445
10 0.007493323935948445
11 0.007493323935948445
12 0.007493323935948445
13 0.007493323935948445
14 0.007493323935948445
15 0.007493323935948445
16 0.007493323935948445
17 0.007493323935948445
18 0.007493323935948445
19 0.007493323935948445
20 0.007493323935948445
21 0.007493323935948445
22 0.007493323935948445
23 0.007493323935948445
24 0.007493323935948445
25 0.007493323935948445
26 0.007493323935948445
27 0.007493323935948445
28 0.007493323935948445
29 0.007493323935948445
30 0.007493323935948445
31 0.007493323935948445
32 0.007493323935948445
33 0.007493323935948445
34 0.007493323935948445
35 0.007493323935948445
36 0.007493323935948445
37 0.007493323935948445
38 0.007493323935948445
39 0.007493323935948445
40 0.007493323935948445
41 0.007493323935948445
42 0.007493323935948445
43 0.007493323935948445
44 0.007493323935948445
45 0.007493323935948445
46 0.007493323935948445
47 0.007493323935948445
48 0.007493323935948445
49 0.007493323935948445
50 0.007493323935948445
51 0.007493323935948445
52 0.007493323935948445
53 0.007493323935948445
54 0.007493323935948445
55 0.007493323935948445
56 0.007493323935948445
57 0.007493323935948445
58 0.007493323935948445
59 0.007493323935948445
60 0.007493323935948445
61 0.007493323935948445
62 0.007493323935948445
63 0.007493323935948445
64 0.007493323935948445
65 0.007493323935948445
66 0.007493323935948445
67 0.007493323935948445
68 0.007493323935948445
69 0.007493323935948445
70 0.007493323935948445
71 0.007493323935948445
72 0.007493323935948445
73 0.007493323935948445
74 0.007493323935948445
75 0.007493323935948445
76 0.007493323935948445
77 0.007493323935948445
78 0.007493323935948445
79 0.007493323935948445
80 0.007493323935948445
81 0.007493323935948445
82 0.007493323935948445
83 0.007493323935948445
84 0.007493323935948445
85 0.007493323935948445
86 0.007493323935948445
87 0.007493323935948445
88 0.007493323935948445
89 0.007493323935948445
90 0.007493323935948445
91 0.007493323935948445
92 0.007493323935948445
93 0.007493323935948445
94 0.007493323935948445
95 0.0035583945728809695
96 0.0035583945728809695
97 0.0035583945728809695
98 0.0035583945728809695
99 0.0035583945728809695
100 0.0035583945728809695
101 0.0035583945728809695
102 0.0035583945728809695
103 0.0035583945728809695
104 0.0118410296383357
105 0.0118410296383357
106 0.0118410296383357
107 0.0118410296383357
108 0.0118410296383357
109 0.0118410296383357
110 0.0118410296383357
111 0.0118410296383357
112 0.0118410296383357
113 0.012885844548567463
114 0.012885844548567463
115 0.012885844548567463
116 0.012885844548567463
117 0.012885844548567463
118 0.012885844548567463
119 0.012885844548567463
120 0.012885844548567463
121 0.012885844548567463
122 0.004158451788854257
123 0.004158451788854257
124 0.004158451788854257
125 0.004158451788854257
126 0.004158451788854257
127 0.004158451788854257
128 0.004158451788854257
129 0.004158451788854257
130 0.004158451788854257
131 0.003634065083100637
