0 0.0
1 0.03505771249999996
2 0.03505771249999996
3 0.03505771249999996
4 0.03505771249999996
5 0.03505771249999996
6 0.03505771249999996
7 0.03505771249999996
8 0.03505771249999996
9 0.03505771249999996
10 0.03505771249999996
11 0.03505771249999996
12 0.03505771249999996
13 0.03505771249999996
14 0.03505771249999996
15 0.03505771249999996
16 0.03505771249999996
17 0.03505771249999996
18 0.03505771249999996
19 0.03505771249999996
20 0.03505771249999996
21 0.0
22 0.0
23 0.0
24 0.0
25 NaN
26 NaN
27 NaN
28 NaN
29 NaN
30 NaN
31 NaN
32 NaN
33 0.0
34 0.0
35 0.0
36 0.0
37 0.0
38 0.0
