0 0.0
1 0.1023060350846498
2 0.1023060350846498
3 0.1023060350846498
4 0.1023060350846498
5 0.1023060350846498
6 0.1023060350846498
7 0.1023060350846498
8 7.663574907229531E-5
9 7.663574907229531E-5
10 7.663574907229531E-5
11 7.663574907229531E-5
12 7.663574907229531E-5
13 0.023590949719723184
14 0.023590949719723184
15 0.023590949719723184
16 0.023590949719723184
17 0.023590949719723184
18 0.023590949719723184
19 0.023590949719723163
20 0.023590949719723163
21 0.023590949719723163
22 0.023590949719723163
23 0.023590949719723163
24 0.023590949719723163
25 6.386312422667591E-5
26 6.386312422667591E-5
27 6.386312422667591E-5
28 6.386312422667591E-5
29 6.386312422667591E-5
30 6.386312422667591E-5
31 2.800517506784672E-10
