0 0.0
1 0.08752733753697006
2 0.08752733753697006
3 0.08752733753697006
4 0.08752733753697006
5 0.08752733753697006
6 0.08752733753697006
7 0.08752733753697006
8 0.08752733753697006
9 6.744564869732035E-5
10 6.744564869732035E-5
11 6.744564869732035E-5
12 6.744564869732035E-5
13 6.744564869732035E-5
14 6.744564869732035E-5
15 0.024914329302009222
16 0.024914329302009222
17 0.024914329302009222
18 0.024914329302009222
19 0.024914329302009222
20 0.024914329302009222
21 0.024914329302009174
22 0.024914329302009174
23 0.024914329302009174
24 0.024914329302009174
25 0.024914329302009174
26 0.024914329302009174
27 6.744564869734404E-5
28 6.744564869734404E-5
29 6.744564869734404E-5
30 6.744564869734404E-5
31 6.744564869734404E-5
32 6.744564869734404E-5
33 2.9576114002338727E-10
