0 0.0
1 0.071613250028006
2 0.071613250028006
3 0.071613250028006
4 0.071613250028006
5 0.071613250028006
6 0.071613250028006
7 0.071613250028006
8 0.071613250028006
9 0.071613250028006
10 0.071613250028006
11 9.579797513183053E-5
12 9.579797513183053E-5
13 9.579797513183053E-5
14 9.579797513183053E-5
15 0.035387639454853105
16 0.035387639454853105
17 0.035387639454853105
18 0.035387639454853105
19 0.035387639454853105
20 0.035387639454853105
21 0.035387639454853105
22 0.035387639454853105
23 9.5797975131795E-5
24 9.5797975131795E-5
25 9.5797975131795E-5
26 9.5797975131795E-5
27 2.800605614083906E-10
