0 0.0
1 0.04137777942897644
2 0.04137777942897644
3 0.04137777942897644
4 0.04137777942897644
5 0.04137777942897644
6 0.04137777942897644
7 0.04137777942897644
8 0.04137777942897644
9 0.04137777942897644
10 0.04137777942897644
11 0.04137777942897644
12 0.04137777942897644
13 0.04137777942897644
14 0.04137777942897644
15 0.04137777942897644
16 0.04137777942897644
17 0.04137777942897644
18 8.006988589866638E-5
19 8.006988589866638E-5
20 8.006988589866638E-5
21 8.006988589866638E-5
22 8.006988589866638E-5
23 0.02957770505558136
24 0.02957770505558136
25 0.02957770505558136
26 0.02957770505558136
27 0.02957770505558136
28 0.02957770505558139
29 0.02957770505558139
30 0.02957770505558139
31 0.02957770505558139
32 0.02957770505558139
33 8.00698858985811E-5
34 8.00698858985811E-5
35 8.00698858985811E-5
36 8.00698858985811E-5
37 8.00698858985811E-5
38 2.926005038261792E-10
