0 0.0
1 0.07166050002795937
2 0.07166050002795937
3 0.07166050002795937
4 0.07166050002795937
5 0.07166050002795937
6 0.07166050002795937
7 0.07166050002795937
8 0.07166050002795937
9 0.07166050002795937
10 0.07166050002795937
11 9.563851854295535E-5
12 9.563851854295535E-5
13 9.563851854295535E-5
14 9.563851854295535E-5
15 0.03532873641155859
16 0.03532873641155859
17 0.03532873641155859
18 0.03532873641155859
19 0.03532873641155831
20 0.03532873641155831
21 0.03532873641155831
22 0.03532873641155831
23 9.563851854306193E-5
24 9.563851854306193E-5
25 9.563851854306193E-5
26 9.563851854306193E-5
27 2.795945874822792E-10
